Mev
1 
20 
20 
10 
2 
10 
11 
4 
0 
348 
0 
37 
221 
37 
220 
36 
206 
47 
210 
38 
0 
44 
0 
0 
0 
0 
0 
45 
46 
0 
0 
0 
0 
0 
85 
0 
0 
0 
1 
1 
0 
0 
0 
2 
0 
0 
0 
0 
0 
9 
0 
0 
46 
3 
47 
0 
1 
0 
0 
1 
1 
1 
1 
2 
1 
1 
0 
0 
0 
0 
0 
0 
6 
11 
5 
1 
-1 
0 
0 
1 
3 
0 
0 
0 
0 
1 
1 
1 
7 
26 
0 
1 
0 
1 
0 
1 
0 
1 
0 
4 
0 
0 
0 
0 
15 
1 
15 
0 
8 
0 
0 
1 
0 
0 
0 
0 
0 
4 
2 
2 
1 
0 
3 
0 
0 
2 
0 
1 
5 
0 
0 
1 
2 
0 
0 
1 
1 
2 
1 
1 
1 
0 
0 
0 
0 
0 
0 
0 
0 
0 
0 
0 
0 
0 
0 
0 
0 
0 
0 
1 
1 
1 
1 
1 
1 
1 
0 
1 
1 
1 
0 
1 
1 
1 
1 
0 
1 
1 
1 
1 
0 
0 
0 
0 
0 
0 
0 
0 
0 
0 
0 
0 
0 
0 
0 
0 
0 
0 
0 
0 
0 
0 
0 
0 
0 
0 
0 
0 
0 
0 
0 
0 
0 
0 
0 
0 
0 
0 
0 
0 
0 
0 
0 
0 
0 
0 
0 
0 
0 
205 
0 
0 
0 
0 
0 
0 
0 
0 
0 
0 
0 
0 
0 
0 
0 
0 
0 
0 
0 
0 
0 
0 
0 
0 
0 
0 
0 
0 
0 
0 
0 
0 
0 
0 
0 
0 
0 
0 
0 
0 
0 
0 
0 
0 
0 
0 
0 
0 
0 
0 
0 
0 
0 
1 
0 
0 
0 
0 
0 
1 
0 
0 
0 
0 
0 
0 
0 
0 
0 
1 
0 
0 
0 
0 
2 
0 
0 
0 
1 
0 
0 
0 
1 
0 
0 
0 
0 
0 
0 
0 
0 
0 
0 
0 
0 
0 
0 
0 
0 
26 
15 
13 
14 
25 
3 
0 
0 
0 
0 
999 
0 
0 
0 
0 
0 
0 
0 
0 
0 
0 
0 
0 
0 
0 
0 
0 
0 
0 
0 
0 
0 
0 
0 
0 
0 
0 
0 
0 
0 
0 
0 
0 
0 
0 
0 
0 
0 
0 
0 
0 
1500 
1 
0 
2 
0 
1 
4 
5 
0 
0 
0 
0 
0 
0 
0 
0 
0 
0 
23 
2 
1 
0 
1 
1 
1 
0 
0 
30 
1 
0 
0 
0 
0 
0 
0 
1 
0 
0 
0 
0 
1 
0 
0 
0 
0 
0 
0 
2 
0 
0 
0 
0 
0 
0 
0 
0 
0 
3 
1 
0 
0 
0 
0 
0 
0 
0 
0 
0 
0 
0 
0 
0 
0 
0 
0 
0 
0 
0 
0 
0 
0 
0 
0 
0 
0 
0 
0 
0 
0 
1 
0 
0 
0 
0 
0 
0 
0 
0 
0 
0 
0 
0 
0 
0 
0 
0 
0 
1 
0 
0 
0 
0 
0 
0 
0 
0 
0 
0 
0 
0 
0 
0 
0 
0 
0 
0 
0 
0 
0 
0 
0 
0 
0 
0 
0 
0 
0 
0 
0 
0 
0 
0 
0 
0 
0 
5 
0 
0 
0 
0 
0 
0 
0 
0 
0 
0 
0 
0 
0 
0 
0 
143 
1 
1 
1 
299 
164 
411920 